11111111111111111111111111111
10000000001000000010000000001
10111111100010110010100111001
10000000101010100000100000101
10011010101010000111101010111
10100010001000101000101000001
10101001111011101000100011101
10101000001000001000101000001
10101000101011010010101000111
10001010101000000010100010001
10111011101111100110111011001
10000000000000000000001000001
10110000011110011111110011001
10100010000010100000000010101
10100111101000101111111010101
10100000001000101000000000001
10101110101111101110111011111
10000000101000100000000010001
10101000001010011010111010101
10100010100000000000000000101
10101100111101111001111111101
10100010000000000010000000001
10101000101011111010101110111
10001000100010000010100000001
10110110101111100100101111111
10100010001000000010000000001
10101010011010001010101111101
10101000000010000000100000101
10111011111110101000100110101
10000000000000001000000000001
11111111111111111111111111111
